version https://git-lfs.github.com/spec/v1
oid sha256:28fc048533e5b5aae6733e5e46f982307c2358f7a88aa8b35d8ef30902ece2ee
size 74905
